type: Pinhole
img_size: [ 640, 480 ]  # [height, width]
intrinsics: [ 433.48260498046875, 319.2063903808594, 432.8424072265625, 244.6297607421875 ]  # fx, fy, cx, cy
dist_coeffs: [ -0.05445824936032295, 0.06193488836288452, -0.0001798352022888139, 0.001427844418883324, -0.0208443496376276 ]
